#Lambda (nm)	spectre source non normalise
400	4.21485E-05
400.5	4.93842E-05
401	5.89934E-05
401.5	7.21627E-05
402	9.22017E-05
402.5	0.000115849
403	0.000146147
403.5	0.00017604
404	0.000206053
404.5	0.000241243
405	0.000272219
405.5	0.000298629
406	0.000296173
406.5	0.000290001
407	0.000282751
407.5	0.000290288
408	0.000304998
408.5	0.000331855
409	0.000349873
409.5	0.000360947
410	0.000371345
410.5	0.00039081
411	0.000423897
411.5	0.00047188
412	0.000519305
412.5	0.000554605
413	0.000562153
413.5	0.000554738
414	0.000536888
414.5	0.000518004
415	0.000498
415.5	0.000477899
416	0.000461078
416.5	0.000451247
417	0.000429292
417.5	0.000401111
418	0.0003626
418.5	0.000327377
419	0.000294533
419.5	0.000292301
420	0.000291512
420.5	0.000292717
421	0.000304857
421.5	0.000322989
422	0.000352242
422.5	0.000389804
423	0.00043243
423.5	0.000485449
424	0.000533834
424.5	0.000577941
425	0.000573988
425.5	0.000551412
426	0.000501183
426.5	0.000450276
427	0.00040845
427.5	0.000403713
428	0.000411003
428.5	0.000425474
429	0.000435392
429.5	0.000450086
430	0.000470384
430.5	0.000510434
431	0.000556708
431.5	0.000611219
432	0.000667712
432.5	0.000722414
433	0.00076138
433.5	0.000854878
434	0.000991224
434.5	0.001285425
435	0.001629817
435.5	0.002044664
436	0.002413368
436.5	0.002668985
437	0.00259856
437.5	0.002288405
438	0.001856583
438.5	0.001445822
439	0.00114337
439.5	0.000940897
440	0.000841913
440.5	0.000764732
441	0.000714571
441.5	0.000671835
442	0.00063396
442.5	0.000607145
443	0.000591971
443.5	0.00058411
444	0.000580566
444.5	0.000590098
445	0.000613796
445.5	0.000640286
446	0.000666403
446.5	0.000691065
447	0.000728482
447.5	0.000773406
448	0.000834219
448.5	0.00093737
449	0.001072202
449.5	0.001257132
450	0.001485707
450.5	0.001769831
451	0.002112914
451.5	0.002459649
452	0.002791096
452.5	0.003064666
453	0.003289974
453.5	0.00335708
454	0.003272673
454.5	0.003069222
455	0.002711098
455.5	0.002342218
456	0.001962844
456.5	0.001668073
457	0.00141775
457.5	0.001248063
458	0.001118083
458.5	0.001011849
459	0.000942735
459.5	0.000886904
460	0.000842389
460.5	0.000802633
461	0.000768439
461.5	0.00074229
462	0.000712751
462.5	0.000684289
463	0.000661596
463.5	0.000638775
464	0.00061682
464.5	0.000603196
465	0.000603014
465.5	0.000615238
466	0.000638595
466.5	0.000670055
467	0.000713975
467.5	0.000749409
468	0.000783267
468.5	0.000818852
469	0.000871462
469.5	0.000938062
470	0.001051629
470.5	0.001225957
471	0.001456371
471.5	0.001841623
472	0.002267328
472.5	0.00274291
473	0.003145364
473.5	0.003467392
474	0.003592629
474.5	0.003420553
475	0.003072828
475.5	0.0024665
476	0.001931436
476.5	0.001462155
477	0.001253036
477.5	0.001109537
478	0.00104601
478.5	0.0010048
479	0.00095779
479.5	0.000874744
480	0.000817571
480.5	0.000780009
481	0.000798986
481.5	0.000854671
482	0.000944241
482.5	0.001042433
483	0.001130884
483.5	0.001202853
484	0.001156362
484.5	0.001055909
485	0.000866924
485.5	0.000713162
486	0.000587226
486.5	0.000562529
487	0.000607056
487.5	0.00071055
488	0.000874672
488.5	0.00101473
489	0.001116837
489.5	0.001178078
490	0.001234112
490.5	0.001297482
491	0.001366708
491.5	0.001435993
492	0.001487299
492.5	0.001527604
493	0.001559266
493.5	0.001621577
494	0.001683666
494.5	0.00174545
495	0.00180821
495.5	0.001880719
496	0.001975606
496.5	0.002092794
497	0.002223451
497.5	0.002379289
498	0.002519524
498.5	0.002644868
499	0.002594133
499.5	0.002522974
500	0.002427837
500.5	0.002400634
501	0.002389286
501.5	0.002391946
502	0.002410489
502.5	0.00242761
503	0.002418986
503.5	0.002407357
504	0.002406005
504.5	0.002594532
505	0.002979221
505.5	0.003560075
506	0.004781101
506.5	0.006179303
507	0.007793521
507.5	0.009073681
508	0.010051874
508.5	0.010338301
509	0.009900894
509.5	0.009019437
510	0.007497491
510.5	0.006013392
511	0.004561533
511.5	0.003715732
512	0.002995322
512.5	0.002444446
513	0.002081362
513.5	0.001804148
514	0.001655763
514.5	0.001592576
515	0.001567438
515.5	0.001568115
516	0.001554064
516.5	0.001529889
517	0.001532216
517.5	0.001551138
518	0.00158954
518.5	0.001733959
519	0.001919516
519.5	0.00216206
520	0.002452953
520.5	0.002728212
521	0.002899688
521.5	0.002925219
522	0.002854904
522.5	0.002626446
523	0.00238953
523.5	0.002144808
524	0.002069419
524.5	0.002033961
525	0.002047816
525.5	0.002024974
526	0.002000568
526.5	0.001990118
527	0.001963817
527.5	0.001929811
528	0.001887721
528.5	0.001862406
529	0.001848389
529.5	0.001840045
530	0.001836028
530.5	0.001837092
531	0.001994321
531.5	0.002298687
532	0.002854991
532.5	0.003989262
533	0.005465005
533.5	0.007573456
534	0.010048295
534.5	0.012698865
535	0.015232294
535.5	0.017348243
536	0.01910856
536.5	0.019757112
537	0.019758585
537.5	0.018897807
538	0.017428697
538.5	0.015775316
539	0.013923036
539.5	0.012029342
540	0.010136167
540.5	0.008311653
541	0.006772563
541.5	0.005473212
542	0.004919093
542.5	0.004741048
543	0.004910148
543.5	0.006449587
544	0.008842036
544.5	0.012428355
545	0.016414994
545.5	0.019971342
546	0.022225149
546.5	0.022796048
547	0.022293705
547.5	0.019592777
548	0.016422123
548.5	0.012986404
549	0.010704734
549.5	0.009026224
550	0.007950875
550.5	0.007631402
551	0.007373536
551.5	0.00713747
552	0.006649797
552.5	0.006037437
553	0.005227392
553.5	0.004400197
554	0.003615163
554.5	0.003134266
555	0.00281694
555.5	0.002611504
556	0.002474274
556.5	0.00237046
557	0.002302847
557.5	0.002304805
558	0.002293513
558.5	0.002247914
559	0.002204105
559.5	0.002137095
560	0.00200293
560.5	0.001880339
561	0.001773345
561.5	0.001731688
562	0.001748375
562.5	0.00180509
563	0.001889034
563.5	0.002007973
564	0.002164823
564.5	0.002609979
565	0.003330392
565.5	0.004459008
566	0.005829004
566.5	0.007183218
567	0.008341706
567.5	0.009217325
568	0.009848438
568.5	0.009773419
569	0.009512842
569.5	0.009112665
570	0.00846347
570.5	0.007716145
571	0.006870691
571.5	0.005923046
572	0.004990718
572.5	0.00409115
573	0.003398856
573.5	0.002905409
574	0.002821759
574.5	0.003214209
575	0.003838378
575.5	0.004756104
576	0.005425064
576.5	0.00589884
577	0.005881395
577.5	0.005844724
578	0.005790306
578.5	0.005733485
579	0.005535845
579.5	0.00514381
580	0.004318374
580.5	0.003447808
581	0.002631267
581.5	0.00211104
582	0.001761145
582.5	0.001683397
583	0.001717837
583.5	0.001807203
584	0.001875533
584.5	0.001958184
585	0.00205961
585.5	0.002529557
586	0.003205927
586.5	0.00412462
587	0.004860268
587.5	0.005323104
588	0.00532924
588.5	0.005139623
589	0.005021814
589.5	0.00523068
590	0.006060079
590.5	0.007222102
591	0.00886348
591.5	0.010118457
592	0.01107691
592.5	0.011100107
593	0.011126086
593.5	0.011154634
594	0.011550855
594.5	0.011913477
595	0.012208544
595.5	0.012383548
596	0.012492614
596.5	0.012503095
597	0.012273714
597.5	0.01187286
598	0.011103916
598.5	0.010298813
599	0.009509467
599.5	0.008960453
600	0.008600211
600.5	0.008384664
601	0.008361094
601.5	0.008292298
602	0.008174507
602.5	0.007914811
603	0.007633843
603.5	0.007332948
604	0.00720221
604.5	0.007058486
605	0.006808837
605.5	0.006522836
606	0.006237484
606.5	0.006005819
607	0.005875182
607.5	0.005804329
608	0.005803125
608.5	0.005772465
609	0.005717588
609.5	0.005610233
610	0.005492729
610.5	0.005364231
611	0.005293192
611.5	0.005238835
612	0.005203543
612.5	0.005149658
613	0.00509471
613.5	0.005046139
614	0.005065059
614.5	0.005103178
615	0.005123239
615.5	0.005128765
616	0.005116817
616.5	0.005014994
617	0.004871847
617.5	0.004699378
618	0.004681157
618.5	0.004806864
619	0.005088494
619.5	0.005683259
620	0.006236048
620.5	0.006687736
621	0.006619167
621.5	0.006396979
622	0.006047569
622.5	0.006025874
623	0.006133907
623.5	0.006334967
624	0.006529298
624.5	0.006709213
625	0.006806641
625.5	0.006697118
626	0.006431261
626.5	0.00601005
627	0.005641109
627.5	0.00532444
628	0.005201845
628.5	0.005361037
629	0.005898199
629.5	0.00666457
630	0.007209005
630.5	0.007261951
631	0.006678078
631.5	0.005924184
632	0.005136036
632.5	0.004496797
633	0.00397507
633.5	0.003735234
634	0.003575075
634.5	0.003462951
635	0.003341657
635.5	0.003267826
636	0.003234427
636.5	0.003361718
637	0.003464059
637.5	0.00353711
638	0.00342095
638.5	0.003280912
639	0.003128761
639.5	0.003102362
640	0.003129495
640.5	0.003225646
641	0.003232585
641.5	0.003172485
642	0.002974584
642.5	0.002766591
643	0.002563332
643.5	0.002418319
644	0.002332696
644.5	0.002286715
645	0.002241529
645.5	0.002181154
646	0.002106758
646.5	0.002048575
647	0.001979316
647.5	0.00189554
648	0.001816123
648.5	0.001735306
649	0.001651416
649.5	0.001599733
650	0.001561062
650.5	0.001538436
651	0.001494274
651.5	0.001448358
652	0.001420343
652.5	0.001390318
653	0.001356011
653.5	0.001301211
654	0.001113252
654.5	0.000830416
655	0.000451916
655.5	0.000230215
656	0.000142082
656.5	0.000142856
657	0.000185339
657.5	0.000276785
658	0.000515058
658.5	0.000724173
659	0.000864885
659.5	0.00087917
660	0.000864364
660.5	0.000838911
661	0.000807461
661.5	0.000771938
662	0.000728868
662.5	0.000704256
663	0.000689747
663.5	0.000685232
664	0.000674868
664.5	0.000661214
665	0.000647566
665.5	0.000637975
666	0.000631435
666.5	0.00062159
667	0.000614989
667.5	0.000611633
668	0.000641908
668.5	0.00070831
669	0.000822664
669.5	0.001104451
670	0.001353286
670.5	0.001510468
671	0.001393453
671.5	0.001197478
672	0.000957702
672.5	0.000789262
673	0.000662332
673.5	0.000602703
674	0.000554548
674.5	0.000514982
675	0.000492159
675.5	0.000461995
676	0.000428357
676.5	0.000403943
677	0.000380331
677.5	0.000357486
678	0.000341278
678.5	0.000321094
679	0.000296934
679.5	0.000291798
680	0.000289423
680.5	0.000289766
681	0.000292175
681.5	0.000292747
682	0.000289642
682.5	0.000291918
683	0.00028672
683.5	0.000261693
684	0.000238657
684.5	0.00021824
685	0.000204121
685.5	0.000195161
686	0.000187269
686.5	0.000174161
687	0.000170338
687.5	0.000171325
688	0.000169297
688.5	0.000167444
689	0.000165698
689.5	0.000163634
690	0.000158816
690.5	0.000151456
691	0.000155756
691.5	0.000157362
692	0.000155804
692.5	0.000145552
693	0.000138931
693.5	0.000138587
694	0.000135075
694.5	0.000127875
695	0.000114354
695.5	0.000115435
696	0.000118175
696.5	0.000116936
697	0.000115829
697.5	0.000117076
698	0.000125649
698.5	0.000118143
699	0.000105755
699.5	0.000102519
700	9.82939E-05
700.5	9.38997E-05
701	9.23441E-05
701.5	9.79362E-05
702	0.00010785
702.5	0.000104386
703	9.9411E-05
703.5	9.31501E-05
704	9.29892E-05
704.5	9.30568E-05
705	9.33721E-05
705.5	9.60901E-05
706	8.97805E-05
706.5	7.0866E-05
707	7.2478E-05
707.5	7.84831E-05
708	8.79346E-05
708.5	8.60403E-05
709	8.35953E-05
709.5	8.45725E-05
710	8.5404E-05
710.5	8.49856E-05
711	8.11133E-05
711.5	7.57741E-05
712	7.30153E-05
712.5	8.1233E-05
713	8.11669E-05
713.5	7.82427E-05
714	8.07787E-05
714.5	7.75271E-05
715	7.19763E-05
715.5	7.34394E-05
716	7.60429E-05
716.5	7.9033E-05
717	7.51435E-05
717.5	7.66222E-05
718	8.22373E-05
718.5	6.64633E-05
719	6.0607E-05
719.5	6.46683E-05
720	7.5634E-05
720.5	7.63911E-05
721	6.37892E-05
721.5	5.91666E-05
722	5.86464E-05
722.5	6.3239E-05
723	6.86089E-05
723.5	7.30067E-05
724	7.53117E-05
724.5	6.24911E-05
725	5.37648E-05
725.5	6.23391E-05
726	6.59517E-05
726.5	6.68966E-05
727	6.42321E-05
727.5	6.35712E-05
728	6.2846E-05
728.5	5.93969E-05
729	5.84597E-05
729.5	5.75539E-05
730	5.06076E-05
730.5	5.16611E-05
731	5.61456E-05
731.5	5.27913E-05
732	5.34564E-05
732.5	5.65123E-05
733	5.62472E-05
733.5	5.72638E-05
734	5.91739E-05
734.5	5.83582E-05
735	5.45702E-05
735.5	4.80383E-05
736	5.07051E-05
736.5	5.28433E-05
737	5.44089E-05
737.5	6.21646E-05
738	6.15801E-05
738.5	5.00524E-05
739	4.93228E-05
739.5	5.00932E-05
740	5.17049E-05
740.5	6.03338E-05
741	6.40481E-05
741.5	5.7324E-05
742	6.35145E-05
742.5	6.80681E-05
743	6.39158E-05
743.5	6.66427E-05
744	6.86273E-05
744.5	6.42807E-05
745	6.6937E-05
745.5	6.94264E-05
746	6.43846E-05
746.5	6.53852E-05
747	6.84589E-05
747.5	7.04259E-05
748	7.33392E-05
748.5	7.46333E-05
749	6.50876E-05
749.5	6.32964E-05
750	6.51648E-05